4294967279,279
4294967279,276
4294967278,380
4294967294,428
4294967294,945
4294967294,1552
210,9
210,8
210,7
210,6
210,5
210,4
4294967294,915
210,3
210,2
210,1
4294967278,379
4294967278,378
209,9
209,8
209,7
209,6
209,5
209,4
209,3
209,2
209,1
4294967279,269
208,9
208,8
208,7
208,6
208,5
208,4
208,3
208,2
208,1
4294967279,267
4294967279,266
207,7
207,6
207,5
207,4
207,3
207,2
207,1
4294967278,293
4294967294,1551
206,9
206,8
206,7
206,6
206,5
206,4
206,3
206,2
206,1
4294967278,527
205,9
205,8
205,7
205,6
205,5
205,4
205,3
205,2
205,1
204,7
204,6
204,5
204,4
204,3
204,2
204,1
4294967294,1550
202,8
4294967278,377
202,7
202,6
4294967278,376
202,5
4294967279,215
4294967294,1549
4294967294,1548
203,8
203,7
203,6
203,5
203,4
203,3
203,2
203,1
202,4
202,3
202,2
202,1
201,7
201,6
201,5
201,4
201,3
201,2
201,1
200,8
200,7
200,6
200,5
200,4
200,3
200,2
200,1
199,8
199,7
199,6
199,5
199,4
199,3
199,2
199,1
198,4
198,3
198,2
198,1
4294967278,375
197,8
197,7
197,6
197,5
197,4
197,3
197,2
197,1
4294967278,374
196,8
196,7
196,6
196,5
196,4
196,3
196,2
196,1
195,4
195,3
195,2
195,1
194,8
194,7
194,6
194,5
194,4
194,3
194,2
194,1
4294967278,373
193,8
193,7
193,6
193,5
193,4
193,3
193,2
193,1
192,4
192,3
192,2
192,1
191,8
191,7
191,6
191,5
191,4
191,3
191,2
191,1
190,4
190,3
190,2
190,1
4294967278,372
189,8
189,7
189,6
189,5
189,4
189,3
189,2
189,1
188,4
188,3
188,2
188,1
187,8
187,7
187,6
187,5
187,4
187,3
187,2
187,1
186,4
186,3
186,2
186,1
185,8
185,7
185,6
185,5
185,4
185,3
185,2
185,1
184,4
184,3
184,2
184,1
183,8
183,7
183,6
183,5
183,4
183,3
183,2
183,1
182,4
182,3
182,2
182,1
181,8
181,7
181,6
181,5
181,4
181,3
181,2
181,1
180,4
180,3
180,2
180,1
179,8
179,7
179,6
179,5
179,4
179,3
179,2
179,1
4294967294,1547
178,4
178,3
178,2
178,1
4294967294,1546
177,8
177,7
177,6
177,5
177,4
177,3
177,2
177,1
176,4
176,3
176,2
176,1
4294967278,371
4294967279,511
4294967279,510
175,7
175,6
175,5
175,4
175,3
175,2
175,1
4294967294,1542
174,4
174,3
174,2
174,1
4294967294,473
4294967293,131
4294967293,130
4294967293,129
4294967293,128
4294967293,127
4294967293,126
4294967293,125
4294967293,124
4294967293,123
4294967293,122
4294967293,121
4294967293,120
4294967293,119
4294967293,118
4294967293,117
4294967293,116
4294967293,115
4294967293,114
4294967293,113
4294967293,112
4294967293,111
4294967293,110
4294967293,109
4294967293,108
4294967293,107
4294967293,106
4294967293,105
4294967293,104
4294967293,103
4294967293,102
4294967293,101
4294967293,100
4294967293,99
4294967293,98
4294967293,97
4294967293,96
4294967293,95
4294967293,94
4294967293,93
4294967293,92
4294967293,91
4294967293,90
4294967293,89
4294967293,88
4294967293,87
4294967293,86
4294967293,85
4294967293,84
4294967293,83
4294967293,82
4294967293,81
4294967293,80
4294967293,79
4294967293,78
4294967293,77
4294967293,76
4294967293,75
4294967293,74
4294967293,73
4294967293,72
4294967293,71
4294967293,70
4294967293,69
4294967293,68
4294967293,67
4294967293,66
4294967293,65
4294967293,64
4294967293,63
4294967293,62
4294967293,61
4294967293,60
4294967293,59
4294967293,58
4294967293,57
4294967293,56
4294967293,55
4294967293,54
4294967293,53
4294967293,52
4294967293,51
4294967293,50
4294967293,49
4294967293,48
4294967293,47
4294967293,46
4294967293,45
4294967293,44
4294967293,43
4294967293,42
4294967293,41
4294967293,40
4294967293,39
4294967293,38
4294967293,37
4294967293,36
4294967293,35
4294967293,34
4294967293,33
4294967293,32
4294967293,31
4294967293,30
4294967293,29
4294967293,28
4294967293,27
4294967293,26
4294967293,25
4294967293,24
4294967293,23
4294967293,22
4294967293,21
4294967293,20
4294967293,19
4294967293,18
4294967293,17
4294967293,16
4294967293,15
4294967293,14
4294967293,13
4294967293,12
4294967293,11
4294967293,10
4294967293,9
